2,
:
1,
0,
80,
80,
0,
120,
120,
0,
96.154,
269.231,
0,
50,
50,
50,
0,
1,
0,
0,
0,
0,
0,
163.462,
9.615,
0,
0,
48.077,
0,
163.462,
19.231,
0,
163.462,
0,
0,
0,
-500,
0,
0,
0,
0,
688.571,
217.143,
1000,
0,
540,
0,
1,
1,
1,
0,
0,
1,
23.494,
0.904,
15,
25,
46.988,
44.578,
0.5,
0.75,
1,
0,
0,
0,
0.5,
0,
0,
0,
0,
0,
0,
0,
7,
0,
1,
:
*
1,
0,
0,
100,
0,
0,
100,
0,
149.254,
335.821,
-129.63,
199.254,
138.806,
151.111,
1,
1,
1,
1,
1,
1,
0,
111.94,
-22.388,
-255.556,
126.866,
-223.881,
-500,
89.552,
44.776,
137.037,
119.403,
186.567,
48.148,
0,
-500,
0,
52.239,
-208.955,
368.148,
343.964,
492.027,
1000,
1.367,
706.15,
71.298,
0.372549,
0.027451,
1,
0.380392,
0.431373,
0.866667,
1,
9.242,
15,
25,
81.905,
109.953,
2.363,
2.821,
0,
1,
3.429,
2.275,
0.828,
-700,
616.418,
700,
177.612,
376.119,
-347.407,
16.697,
10,
0,
0,
:
*
1,
0,
4.478,
100,
0,
0,
120,
0,
111.94,
283.582,
0,
185.821,
228.358,
162.222,
1,
0,
1,
0,
1,
1,
0,
179.104,
0,
0,
500,
14.925,
0,
-186.567,
0,
0,
104.478,
171.642,
0,
0,
-260.82,
0,
114.925,
-302.985,
-36.296,
86.56,
0,
0,
0,
1000,
0,
0.541176,
0,
0.435294,
0.576471,
0,
0.870588,
1,
2,
15,
25,
200,
200,
1.514,
0.804,
0,
1,
5.714,
7.962,
1,
0,
700,
700,
83.582,
700,
700,
10,
5.007,
0,
1,
:
*
