2,
:
1,
0,
46.154,
80,
0,
120,
120,
0,
67.308,
0,
0,
8.654,
5.769,
14.151,
1,
1,
0,
1,
1,
1,
0,
211.538,
38.462,
0,
0,
0,
0,
365.385,
-125,
0,
432.692,
-201.923,
0,
0,
-225.714,
0,
0,
0,
0,
294.286,
0,
400,
1.143,
351.429,
14,
1,
0,
0,
1,
0.819608,
0,
3.614,
3.614,
15,
25,
100,
100,
3.261,
0.75,
1,
0,
0,
0,
1.001,
0,
0,
0,
0,
0,
0,
0,
7,
0,
1,
:
*
1,
0,
80,
80,
0,
120,
120,
0,
230.769,
-48.077,
-47.17,
50,
50,
50,
1,
1,
0,
1,
1,
1,
0,
0,
0,
0,
0,
0,
0,
230.769,
-76.923,
-47.17,
0,
0,
0,
0,
1,
0,
0,
0,
0,
0,
0,
440,
8,
0,
0,
1,
0.2,
0.2,
0.172549,
0.490196,
1,
1,
2,
15,
25,
1,
5,
0.5,
0.75,
1,
0,
0,
0,
1,
0,
0,
0,
0,
0,
0,
0,
7,
0,
1,
:
*
1,
0,
44.231,
80.769,
0,
120,
120,
0,
384.615,
-9.615,
0,
8.654,
5.769,
14.151,
0,
1,
0,
1,
1,
1,
0,
240.385,
76.923,
0,
0,
0,
0,
153.846,
-125,
0,
19.231,
-192.308,
0,
0,
-228.571,
0,
0,
0,
0,
294.286,
0,
400,
4,
351.429,
0,
0,
0.729412,
1,
0,
0,
1,
3.614,
3.614,
15,
25,
100,
100,
3.738,
0.75,
1,
0,
0,
0,
1,
0,
0,
0,
0,
0,
0,
0,
7,
0,
1,
:
*
